Becs Sopron Gyor Szombathely Veszprem Komarom
0    75     123  136         198      166
75   0      96   68          149      140
123  96     0    101         82       45
136  68     101  0           115      144
198  149    82   115         0        100
166  140    45   144         100      0
